chemprop: 0.31161206386727563
rf: 0.3367153568815009
xgb: 0.3516725792512236
