chemprop: 0.0017650430253668855
rf: 0.5149848971898409
task_kind: classification
xgb: 0.4832500597847923
