chemprop: 0.005037738435866479
rf: 0.5027960216852765
task_kind: classification
xgb: 0.49216623987885705
