chemprop: 0.3915038647138065
rf: 0.30273744998907653
xgb: 0.3057586852971169
