seed_0: -0.21460238099098206
seed_1: -0.010686617344617844
seed_2: -0.10658039152622223
seed_3: -0.12113643437623978
seed_4: 0.6039213538169861
