rf: 0.5008236406430029
xgb: 0.4991763593569972
