chemprop: 0.3544860072814137
rf: 0.3256032156398795
xgb: 0.31991077707870685
