rf: 0.46021591947300705
task_kind: regression
xgb: 0.5397840805269929
