chemprop: 0.0023545670890417437
rf: 0.502019922259982
task_kind: classification
xgb: 0.49562551065097626
