chemprop: 0.2715036829236023
rf: 0.3683148681481635
xgb: 0.3601814489282344
