chemprop: 0.35429749057767507
rf: 0.3280957098659955
xgb: 0.3176067995563294
