chemprop: 0.3333333333333333
rf: 0.3333333333333333
task_kind: classification
xgb: 0.3333333333333333
