chemprop: 0.008454128671202725
rf: 0.9647294387486193
task_kind: classification
xgb: 0.026816432580178046
