chemprop: 0.23501808609565378
rf: 0.4044389472679855
xgb: 0.3605429666363606
