chemprop: 0.34831439339602166
rf: 0.3243025040526971
xgb: 0.3273831025512812
